(64959)
5 (469)
7 (282)
13 (122)
15 (662)
20 (485)
22 (697)
23 (502)
26 (122)
28 (102)
30 (485)
38 (339)
42 (746)
43 (292)
44 (140)
46 (744)
47 (329)
48 (202)
50 (357)
52 (270)
53 (355)
55 (1038)
56 (252)
60 (222)
61 (122)
64 (352)
67 (565)
68 (209)
70 (360)
72 (235)
73 (236)
75 (335)
80 (177)
81 (171)
83 (145)
85 (802)
86 (129)
87 (405)
88 (315)
93 (347)
96 (256)
97 (165)
102 (214)
105 (254)
115 (357)
116 (404)
120 (126)
121 (128)
122 (260)
125 (106)
127 (311)
145 (308)
150 (1005)
197 (177)
204 (143)
323 (333)
326 (219)
334 (147)
337 (467)
347 (231)
352 (248)
379 (129)
390 (154)
394 (100)
396 (165)
400 (451)
406 (312)
413 (101)
416 (273)
418 (104)
437 (204)
477 (586)
482 (142)
515 (175)
516 (100)
543 (366)
567 (240)
568 (230)
586 (144)
596 (100)
602 (304)
621 (167)
636 (361)
668 (101)
692 (104)
719 (106)
720 (120)
721 (128)
722 (116)
723 (101)
725 (100)
749 (111)
754 (204)
765 (133)
767 (115)
771 (104)
786 (816)
805 (105)
1053 (111)
1064 (250)
1065 (231)
1070 (108)
1177 (270)
1183 (113)
1184 (170)
1189 (175)
1190 (192)
1258 (129)
1263 (143)
1321 (117)
1325 (138)
1407 (174)
1409 (112)
1412 (197)
1414 (111)
1419 (127)
1420 (172)
1424 (126)
1498 (2631)
1499 (2107)
1500 (576)
1501 (453)
1502 (783)
1504 (484)
1505 (2129)
1506 (1614)
1507 (715)
1508 (1231)
1509 (135)
1511 (491)
1520 (107)
1521 (114)
1522 (152)
1526 (216)
1527 (463)
1531 (186)
1533 (100)
1534 (210)
1535 (107)
1540 (108)
1542 (578)
1547 (607)
1556 (415)
1560 (246)
1563 (203)
1565 (193)
1567 (144)
1568 (332)
1570 (793)
1571 (138)
1573 (141)
1577 (724)
1579 (191)
1580 (414)
1582 (122)
1584 (114)
1590 (153)
1606 (162)
1608 (100)
1609 (185)
1611 (112)
1625 (525)
1630 (156)
1647 (132)
1695 (444)
1874 (434)
1875 (150)
1878 (182)
1894 (208)
1895 (102)
1896 (112)
1925 (307)
1930 (194)
1950 (134)
1951 (149)
1952 (148)
1966 (101)
2030 (106)
2085 (103)
2132 (221)
2233 (135)
2284 (160)
2305 (293)
2337 (195)
2395 (115)
2675 (257)
2676 (241)
2677 (198)
2678 (109)
2681 (567)
2911 (263)
2912 (373)
2977 (126)
3016 (275)
3022 (129)
3035 (480)
3036 (168)
3038 (110)
3039 (240)
3042 (129)
3045 (256)
3053 (200)
3058 (103)
3067 (246)
3079 (319)
3080 (313)
3081 (124)
3083 (219)
3085 (179)
3086 (148)
3091 (122)
3095 (235)
3102 (251)
3149 (140)
3188 (267)
3201 (169)
3204 (195)
3217 (158)
3226 (303)
3244 (175)
3246 (100)
3248 (214)
3249 (121)
3250 (372)
3251 (237)
3255 (103)
3272 (206)
3273 (212)
3333 (165)
3335 (145)
3337 (129)
3525 (219)
3527 (471)
3538 (317)
3552 (125)
3565 (155)
3608 (200)
3627 (162)
3647 (120)
3713 (117)
3759 (179)
3766 (117)
3807 (516)
3827 (130)
3858 (131)
3936 (214)
3959 (233)
4036 (291)
4073 (184)
4079 (1000)
4089 (139)
4182 (198)
4198 (179)
4203 (104)
4261 (365)
4320 (109)
4535 (111)
4626 (100)
4952 (102)
4971 (114)
5305 (183)
5336 (242)
5394 (250)
5461 (212)
5477 (174)
5483 (241)
5498 (641)
5501 (289)
5502 (218)
5503 (444)
5504 (182)
5505 (115)
5508 (160)
5509 (360)
5511 (689)
5514 (168)
5520 (103)
5534 (839)
5540 (487)
5543 (137)
5551 (156)
5573 (362)
5581 (193)
5588 (241)
5599 (155)
5602 (223)
5604 (162)
5607 (305)
5608 (187)
5611 (151)
5619 (560)
5621 (218)
5689 (106)
5692 (173)
5712 (142)
5964 (548)
5965 (136)
6033 (105)
6055 (121)
6059 (174)
6083 (156)
6108 (180)
6140 (141)
6206 (123)
6241 (443)
6419 (106)
6474 (215)
6490 (128)
6498 (126)
6597 (530)
6603 (113)
6640 (118)
6654 (130)
6672 (132)
6735 (118)
7316 (237)
7334 (177)
7395 (139)
7480 (113)
7661 (254)
7762 (186)
7859 (101)
7876 (107)
7900 (725)
7908 (427)
7917 (146)
7918 (336)
7919 (172)
7920 (379)
7930 (357)
7931 (189)
7933 (120)
7936 (206)
7937 (260)
7939 (137)
7941 (312)
7962 (136)
7963 (233)
7972 (192)
7988 (118)
8019 (133)
8044 (223)
8101 (134)
8171 (149)
8184 (400)
8198 (131)
8201 (171)
8243 (168)
8250 (109)
8251 (134)
8252 (193)
8253 (138)
8269 (211)
8270 (156)
8274 (105)
8309 (143)
8333 (249)
8546 (111)
8580 (109)
8585 (185)
8608 (101)
8610 (114)
8634 (123)
8644 (170)
8710 (155)
8713 (118)
8714 (164)
9050 (109)
9051 (124)
9052 (501)
9071 (135)
9073 (100)
9264 (192)
9308 (126)
9354 (500)
9355 (512)
9356 (878)
9357 (1310)
9358 (104)
9365 (182)
9366 (437)
9370 (1176)
9371 (108)
9373 (131)
9376 (317)
9378 (309)
9387 (162)
9395 (166)
9409 (131)
9416 (180)
9423 (247)
9437 (240)
9555 (176)
9556 (133)
9558 (102)
9559 (113)
9560 (151)
9561 (113)
9568 (202)
9612 (197)
9614 (180)
9629 (115)
9698 (289)
9758 (143)
9991 (105)
9992 (106)
10062 (100)
10329 (221)
10533 (202)
10538 (172)
10586 (186)
10592 (516)
10595 (109)
10607 (105)
10613 (467)
10615 (154)
10619 (648)
10626 (1481)
10630 (1655)
10631 (232)
10632 (774)
10634 (459)
10635 (204)
10638 (325)
10644 (1895)
10648 (1608)
10654 (163)
10655 (231)
10656 (781)
10660 (275)
10669 (391)
10672 (1106)
10673 (102)
10674 (102)
10675 (178)
10676 (205)
10683 (150)
10704 (558)
10720 (107)
10770 (135)
10808 (164)
10809 (222)
10810 (343)
10811 (331)
10852 (136)
10859 (144)
10977 (149)
11025 (192)
11040 (125)
11049 (314)
11068 (122)
11069 (138)
11075 (176)
11089 (114)
11107 (126)
11110 (116)
11112 (104)
11141 (165)
11210 (116)
11543 (122)
11544 (182)
11545 (101)
11717 (120)
11733 (126)
11787 (495)
11790 (141)
11798 (162)
11804 (315)
11808 (123)
11809 (104)
11813 (103)
11818 (268)
11820 (110)
11861 (467)
11863 (373)
11911 (111)
11942 (107)
11946 (386)
11959 (131)
12032 (127)
12086 (124)
12087 (145)
12088 (147)
12200 (1194)
12357 (116)
12385 (630)
12458 (200)
12460 (115)
12491 (257)
12506 (172)
12526 (100)
12607 (109)
12636 (108)
12660 (210)
12661 (124)
12677 (109)
12953 (135)
13014 (495)
13311 (121)
13550 (199)
13571 (133)
13576 (170)
13578 (161)
13579 (106)
13622 (120)
13649 (173)
13844 (858)
13846 (302)
13853 (420)
13858 (121)
13867 (368)
13879 (359)
13881 (152)
13884 (693)
13885 (172)
13890 (130)
13895 (170)
13903 (140)
13915 (105)
13917 (101)
13925 (312)
13929 (186)
13936 (117)
13952 (385)
13983 (172)
13985 (108)
13986 (189)
14122 (268)
14234 (268)
14261 (102)
14262 (117)
14297 (119)
14307 (150)
14354 (149)
14481 (118)
14587 (144)
14848 (503)
14852 (159)
14885 (103)
14922 (104)
14923 (115)
15481 (106)
15905 (134)
16078 (100)
16079 (164)
16085 (142)
16086 (802)
16094 (172)
16108 (185)
16115 (364)
16119 (176)
16136 (180)
16140 (151)
16160 (104)
16162 (121)
16163 (564)
16176 (143)
16188 (200)
16194 (117)
16206 (135)
16210 (107)
16274 (213)
16280 (159)
16289 (248)
16297 (124)
16306 (137)
16309 (121)
16311 (101)
16352 (445)
16504 (116)
16507 (120)
16511 (198)
16596 (132)
16598 (106)
16812 (388)
16860 (115)
17136 (133)
17759 (209)
17793 (1145)
18149 (239)
18164 (158)
18165 (160)
18181 (174)
18184 (387)
18191 (101)
18196 (206)
18197 (405)
18198 (394)
18202 (566)
18214 (270)
18228 (117)
18232 (185)
18236 (395)
18242 (187)
18247 (105)
18254 (163)
18258 (162)
18260 (111)
18264 (364)
18266 (101)
18267 (152)
18274 (126)
18293 (111)
18459 (113)
18516 (153)
18527 (229)
18533 (221)
18587 (100)
18603 (103)
18668 (218)
18826 (240)
18862 (694)
18953 (102)
19023 (138)
19024 (130)
19035 (116)
19038 (139)
19051 (105)
19104 (129)
19862 (144)
19865 (124)
19978 (212)
19980 (173)
19984 (371)
19985 (210)
19986 (126)
19988 (379)
19989 (149)
19990 (120)
19996 (268)
19998 (829)
19999 (327)
20012 (126)
20014 (152)
20018 (130)
20019 (123)
20021 (108)
20022 (630)
20037 (114)
20041 (102)
20059 (164)
20061 (115)
20064 (143)
20070 (275)
20103 (157)
20111 (103)
20116 (135)
20169 (453)
20326 (122)
20334 (118)
20337 (150)
20351 (137)
20400 (118)
20423 (116)
20793 (158)
20797 (162)
20798 (100)
20818 (107)
22062 (385)
22063 (710)
22064 (340)
22067 (103)
22068 (369)
22075 (891)
22077 (108)
22078 (427)
22079 (132)
22081 (241)
22082 (295)
22085 (500)
22092 (382)
22118 (153)
22161 (529)
22171 (142)
22184 (102)
22426 (149)
22525 (617)
22656 (123)
22721 (125)
22764 (123)
22775 (119)
22802 (139)
22804 (122)
22808 (110)
22827 (120)
23369 (157)
23407 (104)
23699 (100)
23714 (124)
23716 (170)
23717 (328)
23724 (356)
23731 (201)
23738 (118)
23740 (299)
23749 (183)
23750 (143)
23754 (171)
23757 (314)
23760 (131)
23785 (146)
23801 (100)
23803 (110)
23806 (103)
23819 (359)
23824 (981)
23826 (369)
23837 (112)
23869 (104)
24014 (101)
24027 (208)
24093 (119)
24130 (303)
24133 (298)
24178 (185)
24454 (103)
24614 (206)
25537 (232)
25663 (285)
25666 (389)
25668 (238)
25673 (298)
25677 (201)
25687 (239)
25704 (331)
25706 (364)
25713 (271)
25714 (195)
25715 (134)
25717 (126)
25720 (506)
25732 (125)
25734 (159)
25742 (108)
25758 (155)
25761 (122)
25763 (315)
25802 (136)
25828 (167)
25841 (179)
25855 (113)
25910 (205)
25926 (107)
25974 (182)
25980 (185)
26072 (107)
26186 (100)
27321 (116)
27684 (103)
27865 (103)
27985 (751)
27986 (397)
27992 (459)
27994 (265)
27995 (240)
27998 (584)
28027 (147)
28031 (119)
28047 (287)
28051 (288)
28073 (120)
28078 (125)
28079 (100)
28081 (151)
28082 (167)
28090 (123)
28091 (103)
28097 (132)
28118 (127)
28119 (237)
28124 (174)
28149 (125)
28155 (140)
28195 (226)
28219 (104)
28322 (114)
28328 (138)
28439 (135)
28692 (206)
28982 (108)
28988 (119)
29699 (140)
29759 (102)
30300 (126)
30301 (366)
30302 (146)
30305 (300)
30314 (280)
30318 (208)
30323 (228)
30330 (119)
30335 (622)
30336 (321)
30348 (435)
30393 (176)
30404 (210)
30412 (324)
30431 (108)
30450 (109)
30458 (139)
30462 (144)
30473 (138)
30529 (176)
30563 (133)
30612 (103)
30616 (102)
30655 (246)
30691 (100)
30732 (165)
30733 (122)
30741 (167)
30750 (114)
30912 (113)
31042 (140)
31087 (113)
31595 (112)
32043 (109)
32047 (101)
32055 (196)
32068 (113)
32074 (112)
32078 (242)
32103 (113)
32109 (141)
32110 (238)
32113 (125)
32132 (110)
32140 (143)
32149 (217)
32153 (165)
32158 (203)
32183 (104)
32208 (124)
32225 (111)
32273 (151)
32392 (194)
32394 (138)
32415 (215)
32430 (104)
32495 (114)
32512 (180)
32523 (160)
32715 (109)
32921 (151)
32958 (171)
32960 (110)
32963 (102)
33666 (100)
33696 (171)
33732 (109)
33733 (116)
34050 (108)
34153 (115)
34175 (179)
34183 (151)
34189 (271)
34194 (136)
34195 (107)
34198 (376)
34199 (289)
34228 (166)
34250 (140)
34255 (433)
34260 (141)
34284 (128)
34285 (137)
34294 (113)
34326 (614)
34350 (142)
34407 (123)
34516 (483)
34536 (122)
34552 (132)
34794 (129)
34798 (156)
34852 (138)
34864 (101)
35813 (186)
35815 (197)
35817 (1100)
35822 (124)
35826 (152)
35827 (117)
35832 (106)
35839 (296)
35849 (101)
35852 (140)
35854 (112)
35868 (171)
35879 (169)
35890 (174)
35897 (100)
35909 (258)
35910 (145)
35915 (125)
35924 (189)
35977 (195)
36139 (140)
36194 (127)
36208 (294)
36558 (122)
37557 (123)
37576 (143)
38100 (414)
38102 (251)
38103 (1042)
38105 (403)
38109 (688)
38127 (175)
38129 (115)
38134 (277)
38135 (136)
38137 (114)
38139 (114)
38153 (355)
38166 (112)
38175 (173)
38198 (152)
38204 (140)
38220 (205)
38319 (803)
38321 (126)
38554 (572)
39258 (459)
39259 (242)
39260 (329)
39261 (741)
39264 (787)
39266 (235)
39268 (530)
39270 (794)
39272 (128)
39279 (136)
39280 (120)
39286 (243)
39287 (258)
39288 (250)
39289 (337)
39296 (144)
39313 (783)
39330 (144)
39340 (142)
39342 (148)
39345 (386)
39356 (124)
39374 (189)
39401 (114)
39467 (183)
39528 (336)
39620 (610)
39622 (163)
39623 (178)
39625 (112)
39639 (227)
39686 (144)
39798 (117)
39969 (114)
39996 (115)
40092 (120)
40409 (123)
40411 (121)
40795 (598)
40797 (344)
40809 (223)
40816 (288)
40824 (158)
40828 (104)
40837 (194)
40870 (112)
40880 (102)
40939 (193)
40940 (110)
40965 (287)
40970 (121)
40976 (103)
41008 (103)
41010 (291)
41013 (145)
41227 (100)
41245 (155)
41453 (123)
41458 (168)
41756 (104)
41785 (107)
34852 34864 (101)
26 28 (101)
13844 14885 (100)
11808 11809 (104)
10648 11809 (104)
8253 8274 (100)
9991 9992 (105)
4182 9991 (105)
13014 19051 (104)
4182 9992 (106)
12200 35832 (106)
20169 20818 (101)
25706 25742 (101)
2677 2678 (108)
2675 2678 (108)
1570 2678 (105)
9050 9051 (109)
1506 10595 (106)
1499 10595 (101)
22802 22808 (103)
18293 20064 (100)
390 1183 (101)
1177 1183 (112)
400 1183 (106)
1505 1521 (104)
1498 1521 (114)
17793 20061 (102)
1508 34153 (111)
1499 34153 (105)
39467 39996 (114)
39313 39996 (105)
721 722 (115)
15 722 (113)
19023 19035 (114)
18202 19035 (114)
13884 14262 (102)
8710 8713 (107)
7762 11717 (120)
19984 19990 (113)
11068 11069 (106)
11068 11075 (119)
11543 11544 (105)
10630 11543 (107)
30732 30733 (107)
35910 36558 (100)
10648 11808 (122)
22656 25537 (114)
1507 37557 (123)
1506 37557 (123)
1499 37557 (115)
1505 37557 (114)
1498 37557 (123)
41453 41458 (114)
2681 41453 (108)
3080 3081 (104)
12086 12087 (102)
12086 12088 (105)
9264 19865 (108)
12200 35822 (114)
25704 25732 (121)
28078 28081 (100)
28078 28082 (104)
30300 30302 (109)
15 721 (121)
23 379 (100)
7963 8019 (103)
1570 1950 (122)
1498 1509 (115)
5964 5965 (111)
8253 8270 (102)
11069 11075 (132)
10632 11069 (108)
18202 19023 (113)
10648 11790 (134)
10644 11790 (101)
127 32140 (124)
10704 10859 (120)
10648 10859 (114)
9264 19862 (142)
18184 19862 (118)
18197 19862 (117)
39270 39686 (116)
3333 3335 (103)
12087 12088 (124)
41010 41013 (133)
1695 1952 (105)
1570 1952 (140)
1951 2676 (100)
1951 2675 (115)
1570 1951 (132)
19989 19998 (101)
17793 19989 (101)
10676 10683 (103)
10669 10683 (136)
10630 10683 (138)
27998 32921 (105)
1505 1522 (129)
1498 1522 (142)
13853 13881 (105)
13881 13884 (116)
390 1184 (101)
390 1177 (134)
390 400 (125)
55 390 (100)
5599 5602 (130)
8710 8714 (105)
25704 25758 (115)
22075 23369 (103)
3016 18164 (102)
1508 18164 (126)
1506 18164 (156)
1499 18164 (120)
1505 18164 (123)
1498 18164 (155)
40795 40824 (108)
16163 16280 (110)
25704 25734 (131)
25706 25734 (128)
1506 18165 (134)
1499 18165 (103)
1505 18165 (111)
1498 18165 (157)
10648 11798 (124)
10626 10654 (123)
39313 39622 (155)
10630 10808 (109)
396 437 (106)
396 400 (120)
55 396 (119)
30732 30741 (102)
9366 9395 (131)
9355 9395 (111)
9357 9395 (134)
23824 25828 (118)
4079 30741 (102)
5514 5964 (115)
8243 9357 (102)
2681 41458 (136)
35817 35879 (108)
12200 35879 (125)
1177 1184 (154)
400 1184 (140)
55 1184 (100)
23716 23717 (106)
14848 23716 (128)
786 23716 (116)
786 23754 (142)
10538 10669 (115)
10538 10630 (134)
13844 13885 (148)
16094 16163 (114)
1499 5477 (123)
1498 5477 (111)
18181 18184 (131)
18181 18197 (113)
35890 35909 (103)
35817 35890 (150)
10619 11075 (129)
10632 11075 (136)
39620 39623 (159)
34326 39623 (163)
3079 3085 (103)
543 3759 (124)
25673 25841 (102)
9357 9416 (170)
9614 10329 (100)
9357 9614 (103)
16136 16163 (113)
477 1878 (104)
10630 11544 (154)
10644 11544 (154)
23826 25974 (107)
38554 39467 (128)
39261 39467 (119)
39313 39467 (130)
38319 39467 (131)
4073 23717 (105)
1609 16812 (101)
16108 16163 (107)
18232 19998 (109)
7762 10533 (129)
13844 13929 (126)
35813 35817 (111)
12200 35813 (149)
35924 35977 (123)
39313 39374 (107)
400 1190 (163)
55 1190 (163)
9264 18184 (127)
9264 18197 (128)
5498 5581 (123)
40795 40837 (130)
2337 39313 (112)
35815 35817 (138)
12200 35815 (140)
2676 2677 (177)
2675 2677 (178)
1695 2677 (131)
1570 2677 (171)
4182 9357 (104)
10630 12458 (122)
67 1563 (155)
46 1563 (102)
400 437 (135)
55 437 (130)
10635 10704 (116)
10635 10648 (164)
10635 10644 (132)
10669 10676 (133)
10656 10676 (112)
10630 10676 (183)
25713 25910 (102)
7936 7937 (182)
1542 1894 (147)
46 68 (126)
1534 1580 (103)
1534 1570 (105)
12385 12660 (126)
17793 19985 (144)
1506 5461 (102)
1498 5461 (150)
18862 19978 (129)
16115 16274 (106)
73 102 (118)
85 102 (146)
1508 1526 (147)
1506 1526 (102)
1499 1526 (191)
1505 1526 (145)
5502 5503 (118)
5502 5534 (108)
326 3525 (135)
3525 3527 (113)
2132 20022 (114)
9357 10329 (122)
46 60 (127)
27985 28195 (102)
39313 39639 (101)
23 347 (114)
10631 10648 (141)
10630 10631 (107)
10631 10644 (118)
25537 30305 (100)
7900 7963 (108)
3095 3538 (129)
73 85 (123)
28047 28119 (117)
27986 28119 (148)
27985 28119 (138)
25663 25668 (111)
1508 18149 (146)
1506 18149 (203)
1505 18149 (120)
1498 18149 (216)
567 5964 (138)
9437 10630 (166)
9437 10644 (136)
2675 2676 (188)
1695 2676 (131)
1570 2676 (184)
1506 5483 (140)
1499 5483 (127)
1505 5483 (145)
1498 5483 (194)
3080 5588 (123)
22068 22081 (103)
22075 22081 (141)
5336 7661 (116)
5336 34189 (128)
39259 39260 (128)
38109 39259 (110)
27998 39286 (108)
39286 39313 (130)
1560 1874 (136)
477 1560 (113)
3035 3067 (152)
9356 9423 (159)
9357 9423 (226)
8333 16163 (156)
5394 6241 (124)
5394 9356 (109)
5394 9357 (146)
39288 39313 (127)
38103 39288 (129)
1542 3102 (113)
38102 38105 (115)
23 56 (106)
55 56 (179)
87 105 (151)
7661 34189 (172)
1695 2675 (143)
1570 2675 (233)
35817 35909 (194)
39287 39345 (114)
39261 39287 (152)
39270 39287 (230)
38103 39287 (121)
2911 23826 (101)
2911 25666 (121)
18862 19996 (126)
400 1177 (162)
55 1177 (113)
23824 25713 (154)
406 416 (141)
85 416 (120)
1508 3016 (120)
1506 3016 (194)
1499 3016 (146)
1505 3016 (199)
1498 3016 (237)
20070 20169 (135)
38134 38153 (101)
30305 30314 (122)
23826 25663 (147)
25663 25666 (107)
27986 28047 (100)
27985 28047 (196)
40795 40965 (103)
40797 40816 (151)
5501 5540 (119)
5501 5964 (110)
9698 18236 (106)
34198 34199 (116)
6597 41010 (116)
40795 41010 (105)
42 43 (175)
1570 2305 (139)
34516 36208 (115)
35817 36208 (203)
12200 36208 (217)
23826 24133 (121)
22525 23740 (146)
13846 13879 (108)
13844 13846 (121)
23824 24130 (102)
5540 5607 (197)
5607 5619 (102)
20 145 (107)
85 145 (106)
9378 10638 (118)
9370 9378 (236)
9378 10626 (105)
85 406 (190)
7900 7941 (119)
7941 9357 (118)
13925 39268 (163)
13925 27998 (115)
13925 38109 (180)
13925 38319 (181)
67 3080 (126)
10704 11049 (133)
10672 11049 (144)
10648 11049 (220)
10630 11049 (124)
10644 11049 (171)
786 23757 (112)
23757 23824 (106)
75 88 (195)
53 88 (170)
87 88 (162)
85 88 (159)
10644 11804 (110)
25706 25763 (115)
6241 9376 (100)
9356 9376 (165)
9357 9376 (186)
16812 30336 (136)
10638 10811 (106)
9370 10638 (194)
10626 10638 (225)
10638 10644 (103)
18862 19999 (129)
19998 19999 (125)
14848 23717 (125)
46 47 (128)
27998 39260 (169)
38319 39260 (109)
38103 39260 (123)
9370 10811 (130)
10626 10811 (130)
10630 10811 (106)
10644 10811 (126)
25704 25706 (125)
23824 25704 (148)
1568 1570 (209)
53 75 (159)
75 87 (139)
75 85 (142)
7918 7920 (195)
7918 8184 (107)
7900 7918 (125)
39345 39528 (132)
38554 39528 (121)
39261 39528 (104)
39313 39528 (125)
39270 39528 (189)
38319 39528 (113)
39268 39289 (120)
38554 39289 (147)
38109 39289 (157)
39261 39289 (158)
39289 39313 (107)
39264 39289 (100)
38319 39289 (263)
22062 22064 (118)
22064 22078 (102)
20022 22064 (128)
22064 22075 (217)
10634 10810 (111)
10632 10810 (117)
9370 10810 (112)
10626 10810 (154)
10648 10810 (146)
10644 10810 (184)
46 64 (143)
53 85 (127)
38105 38153 (111)
46 50 (117)
30 115 (138)
15 115 (150)
22 115 (116)
42 115 (119)
7930 9357 (160)
13844 13879 (137)
23819 25706 (140)
5509 5534 (131)
636 22525 (104)
5573 5964 (110)
5498 5573 (135)
5511 5573 (123)
16115 16163 (132)
18198 18264 (107)
18236 18264 (127)
18202 18264 (124)
23824 25706 (108)
4261 16352 (124)
13867 13952 (151)
13867 13884 (246)
13844 13867 (225)
22068 22092 (104)
22062 22068 (168)
22068 22078 (146)
20022 22068 (177)
22068 22075 (216)
23826 25666 (126)
2912 19984 (116)
18862 19984 (192)
17793 19984 (176)
2912 17793 (131)
11863 11946 (147)
10672 11863 (171)
10648 11863 (147)
10630 11863 (224)
10644 11863 (240)
34198 34255 (133)
7908 7920 (161)
19988 19998 (187)
17793 19988 (205)
20022 22092 (207)
22075 22092 (181)
13884 13952 (223)
13844 13952 (205)
22062 22078 (138)
20022 22062 (106)
22062 22075 (199)
17793 22062 (101)
10672 11946 (145)
10630 11946 (197)
10644 11946 (161)
39261 39345 (136)
39313 39345 (106)
39270 39345 (305)
38319 39345 (110)
18184 18197 (265)
18184 18202 (111)
16812 30335 (195)
25666 27986 (106)
10613 10669 (162)
3807 10669 (124)
10632 10669 (124)
10656 10669 (246)
10630 10669 (366)
10644 10669 (217)
18198 18236 (101)
16086 18198 (122)
16086 18236 (126)
27986 27992 (128)
27985 27986 (227)
7900 8184 (118)
42 116 (260)
20 87 (130)
42 87 (109)
85 87 (138)
1580 1874 (116)
1580 1695 (114)
1570 1580 (251)
1542 1556 (104)
13853 13884 (216)
13844 13853 (189)
7900 7908 (146)
20022 22078 (254)
22063 22078 (138)
22075 22078 (220)
17793 22078 (126)
1542 1874 (196)
477 1874 (227)
1570 1874 (107)
30348 35817 (100)
12200 30348 (103)
9355 9366 (231)
9356 9366 (162)
9366 9370 (130)
9357 9366 (242)
6241 9355 (118)
6241 9356 (220)
6241 9357 (281)
1570 1695 (289)
5503 5534 (146)
55 400 (345)
1501 1527 (118)
1501 1504 (119)
1500 1501 (117)
1501 1502 (152)
1501 1508 (150)
1501 1506 (163)
1499 1501 (378)
1501 1505 (310)
1498 1501 (359)
19998 20169 (132)
10634 11787 (155)
10632 10634 (134)
10634 10656 (125)
10634 10672 (157)
10626 10634 (149)
10634 10648 (368)
10630 10634 (221)
10634 10644 (332)
27985 27992 (292)
39258 39268 (132)
38554 39258 (122)
27998 39258 (111)
39258 39261 (156)
39258 39313 (102)
39258 39264 (111)
38319 39258 (154)
38103 39258 (149)
1507 1527 (100)
1508 1527 (236)
1506 1527 (273)
1499 1527 (352)
1505 1527 (358)
1498 1527 (379)
10613 10619 (131)
10613 10632 (184)
10613 10656 (235)
10613 10626 (117)
10613 10630 (257)
10613 10644 (208)
11861 12385 (153)
10648 11861 (111)
10630 11861 (150)
10644 11861 (117)
3527 5619 (118)
4079 34516 (108)
34516 35817 (293)
12200 34516 (266)
1504 1511 (227)
1500 1504 (201)
1502 1504 (193)
1499 1504 (370)
1504 1505 (389)
1498 1504 (416)
20 85 (185)
15 30 (210)
22 30 (144)
30 55 (123)
5540 5964 (133)
5540 5619 (189)
1500 1511 (170)
1502 1511 (188)
1508 1511 (112)
1506 1511 (196)
1499 1511 (329)
1505 1511 (392)
1498 1511 (417)
10632 11787 (197)
10656 11787 (137)
10672 11787 (290)
10626 11787 (170)
10648 11787 (360)
10630 11787 (213)
10644 11787 (349)
13014 13844 (104)
9354 9356 (224)
9354 9370 (136)
9354 9357 (303)
22063 22085 (193)
22075 22085 (234)
15 23 (135)
22 23 (215)
23 55 (173)
786 14848 (130)
9355 9356 (189)
9355 9357 (331)
3807 10656 (112)
3807 9370 (134)
3807 10626 (106)
3807 10630 (300)
3807 10644 (210)
1625 10630 (154)
27998 39268 (239)
38109 39268 (282)
39261 39268 (118)
39268 39313 (133)
38319 39268 (319)
38103 39268 (193)
5619 5964 (166)
5498 5964 (124)
5511 5964 (147)
10672 10704 (255)
10626 10704 (165)
10648 10704 (402)
10630 10704 (127)
10644 10704 (232)
5511 5619 (175)
46 67 (262)
16086 18202 (127)
38109 38554 (109)
38554 39261 (272)
38554 39313 (150)
38554 39264 (196)
38554 39270 (170)
38319 38554 (207)
38103 38554 (173)
1500 1502 (248)
1500 1508 (166)
1500 1506 (295)
1499 1500 (433)
1500 1505 (374)
1498 1500 (514)
477 1542 (205)
27998 38109 (209)
27998 39313 (215)
27998 38319 (284)
27998 38103 (162)
34326 39620 (211)
39313 39620 (224)
39264 39620 (187)
39270 39620 (172)
38103 39620 (154)
10648 12385 (107)
20022 22075 (215)
17793 20022 (131)
5498 5511 (147)
10619 10632 (158)
9370 10619 (159)
10619 10626 (271)
10619 10644 (130)
15 22 (234)
15 55 (325)
38109 39261 (100)
38109 39313 (108)
38109 38319 (297)
38103 38109 (127)
13844 13884 (473)
18862 19998 (229)
17793 18862 (209)
22 55 (175)
17793 22063 (176)
1507 1508 (429)
1506 1507 (530)
1499 1507 (442)
1505 1507 (524)
1498 1507 (607)
1577 35817 (172)
1577 12200 (207)
39261 39313 (192)
39261 39264 (285)
39261 39270 (259)
38319 39261 (254)
38103 39261 (393)
42 55 (154)
10632 10656 (319)
10632 10672 (184)
10626 10632 (245)
10632 10648 (292)
10630 10632 (354)
10632 10644 (414)
10656 10672 (212)
10648 10656 (253)
10630 10656 (435)
10644 10656 (473)
1502 1508 (287)
1502 1506 (319)
1499 1502 (601)
1502 1505 (546)
1498 1502 (667)
39264 39313 (176)
39270 39313 (195)
38319 39313 (251)
38103 39313 (238)
38319 39264 (178)
38103 39264 (297)
38319 39270 (181)
38103 39270 (226)
38103 38319 (164)
786 23824 (118)
17793 19998 (316)
9356 9370 (173)
9356 9357 (652)
17793 22075 (119)
1499 22075 (104)
1505 22075 (101)
1498 22075 (115)
4079 35817 (115)
12200 35817 (798)
10626 10672 (249)
10648 10672 (664)
10630 10672 (443)
10644 10672 (635)
9357 9370 (189)
9370 10626 (317)
9370 10630 (207)
9370 10644 (240)
1506 1508 (850)
1499 1508 (928)
1505 1508 (882)
1498 1508 (1058)
10626 10648 (483)
10626 10630 (390)
10626 10644 (602)
10630 10648 (477)
10644 10648 (852)
1499 1506 (1116)
1505 1506 (1160)
1498 1506 (1457)
10630 10644 (1089)
1499 1505 (1527)
1498 1499 (1828)
1498 1505 (1868)
10648 11808 11809 (104)
4182 9991 9992 (105)
2675 2677 2678 (107)
1570 2677 2678 (104)
1570 2675 2678 (105)
390 1177 1183 (101)
400 1177 1183 (105)
1498 1505 1521 (104)
1499 1508 34153 (105)
39313 39467 39996 (105)
15 721 722 (112)
18202 19023 19035 (112)
11068 11069 11075 (104)
10630 11543 11544 (102)
1506 1507 37557 (123)
1499 1507 37557 (115)
1505 1507 37557 (114)
1498 1507 37557 (123)
1499 1506 37557 (115)
1505 1506 37557 (114)
1498 1506 37557 (123)
1499 1505 37557 (106)
1498 1499 37557 (115)
1498 1505 37557 (114)
2681 41453 41458 (102)
10632 11069 11075 (108)
10648 10704 10859 (105)
9264 18184 19862 (117)
9264 18197 19862 (116)
18184 18197 19862 (116)
1570 1695 1952 (101)
1570 1951 2675 (107)
10630 10669 10683 (128)
1498 1505 1522 (124)
390 1177 1184 (101)
390 400 1184 (101)
390 400 1177 (111)
1506 3016 18164 (100)
1506 1508 18164 (126)
1499 1508 18164 (120)
1505 1508 18164 (120)
1498 1508 18164 (126)
1499 1506 18164 (120)
1505 1506 18164 (121)
1498 1506 18164 (155)
1499 1505 18164 (120)
1498 1499 18164 (120)
1498 1505 18164 (120)
25704 25706 25734 (100)
1498 1506 18165 (133)
1498 1499 18165 (103)
1498 1505 18165 (108)
9357 9366 9395 (101)
12200 35817 35879 (107)
400 1177 1184 (133)
55 400 1184 (100)
10538 10630 10669 (111)
35817 35890 35909 (102)
34326 39620 39623 (151)
10630 10644 11544 (138)
38319 38554 39467 (102)
38319 39313 39467 (102)
12200 35813 35817 (111)
55 400 1190 (138)
9264 18184 18197 (125)
12200 35815 35817 (104)
2675 2676 2677 (166)
1695 2676 2677 (124)
1570 2676 2677 (159)
1695 2675 2677 (131)
1570 2675 2677 (171)
1570 1695 2677 (125)
46 67 1563 (101)
55 400 437 (109)
10635 10644 10648 (110)
10630 10669 10676 (126)
10630 10656 10676 (103)
1499 1508 1526 (129)
1505 1508 1526 (111)
1499 1505 1526 (125)
1506 1508 18149 (140)
1505 1508 18149 (103)
1498 1508 18149 (140)
1505 1506 18149 (110)
1498 1506 18149 (192)
1498 1505 18149 (111)
1695 2675 2676 (129)
1570 2675 2676 (175)
1570 1695 2676 (124)
1498 1506 5483 (131)
1498 1499 5483 (112)
1498 1505 5483 (121)
5336 7661 34189 (112)
9356 9357 9423 (142)
5394 6241 9357 (112)
1570 1695 2675 (135)
39270 39287 39345 (113)
39261 39270 39287 (132)
38103 39270 39287 (109)
55 400 1177 (111)
1505 1508 3016 (110)
1498 1508 3016 (115)
1499 1506 3016 (106)
1505 1506 3016 (147)
1498 1506 3016 (178)
1499 1505 3016 (139)
1498 1499 3016 (143)
1498 1505 3016 (180)
34516 35817 36208 (110)
12200 35817 36208 (157)
9370 9378 10638 (107)
13925 38109 39268 (122)
13925 38319 39268 (125)
13925 38109 38319 (127)
10648 10704 11049 (124)
10648 10672 11049 (131)
10644 10648 11049 (141)
10630 10644 11049 (123)
53 75 88 (105)
75 87 88 (106)
6241 9357 9376 (100)
9356 9357 9376 (145)
9370 10626 10638 (140)
39270 39345 39528 (111)
39270 39313 39528 (101)
38109 39268 39289 (103)
38319 39268 39289 (107)
38554 39261 39289 (113)
38319 38554 39289 (116)
38109 38319 39289 (122)
38319 39261 39289 (125)
10634 10648 10810 (111)
10644 10648 10810 (113)
13867 13884 13952 (117)
13844 13867 13952 (102)
13844 13867 13884 (198)
20022 22068 22078 (105)
10630 10672 11863 (117)
10644 10672 11863 (140)
10644 10648 11863 (122)
10630 10644 11863 (178)
17793 19988 19998 (124)
13844 13884 13952 (169)
10644 10672 11946 (114)
10630 10644 11946 (118)
39261 39270 39345 (119)
10613 10656 10669 (121)
10613 10630 10669 (155)
3807 10630 10669 (119)
10632 10656 10669 (101)
10630 10632 10669 (113)
10630 10656 10669 (230)
10644 10656 10669 (140)
10630 10644 10669 (199)
13844 13853 13884 (113)
20022 22075 22078 (144)
477 1542 1874 (128)
9355 9356 9366 (107)
9355 9357 9366 (149)
9356 9357 9366 (125)
6241 9355 9357 (113)
6241 9356 9357 (195)
1499 1501 1504 (103)
1499 1500 1501 (102)
1499 1501 1502 (133)
1498 1501 1502 (102)
1499 1501 1508 (129)
1501 1505 1508 (105)
1499 1501 1506 (131)
1501 1505 1506 (110)
1498 1501 1506 (144)
1499 1501 1505 (256)
1498 1499 1501 (299)
1498 1501 1505 (243)
10634 10648 11787 (131)
10634 10644 11787 (123)
10632 10634 10648 (114)
10630 10632 10634 (103)
10632 10634 10644 (115)
10630 10634 10656 (116)
10634 10644 10656 (113)
10634 10648 10672 (123)
10630 10634 10672 (116)
10634 10644 10672 (139)
10626 10634 10648 (105)
10626 10634 10644 (113)
10630 10634 10648 (171)
10634 10644 10648 (295)
10630 10634 10644 (189)
1506 1508 1527 (161)
1499 1508 1527 (194)
1505 1508 1527 (190)
1498 1508 1527 (169)
1499 1506 1527 (191)
1505 1506 1527 (216)
1498 1506 1527 (258)
1499 1505 1527 (276)
1498 1499 1527 (272)
1498 1505 1527 (307)
10613 10632 10656 (114)
10613 10630 10656 (174)
10613 10644 10656 (135)
10613 10630 10644 (148)
12200 34516 35817 (244)
1499 1504 1511 (169)
1504 1505 1511 (184)
1498 1504 1511 (208)
1499 1500 1504 (148)
1500 1504 1505 (150)
1498 1500 1504 (175)
1499 1502 1504 (129)
1502 1504 1505 (143)
1498 1502 1504 (163)
1499 1504 1505 (286)
1498 1499 1504 (306)
1498 1504 1505 (341)
1500 1505 1511 (112)
1498 1500 1511 (144)
1499 1502 1511 (100)
1502 1505 1511 (130)
1498 1502 1511 (172)
1499 1506 1511 (127)
1505 1506 1511 (161)
1498 1506 1511 (155)
1499 1505 1511 (267)
1498 1499 1511 (272)
1498 1505 1511 (349)
10632 10672 11787 (107)
10632 10648 11787 (148)
10632 10644 11787 (153)
10656 10672 11787 (131)
10644 10656 11787 (112)
10648 10672 11787 (197)
10630 10672 11787 (146)
10644 10672 11787 (204)
10626 10648 11787 (115)
10626 10644 11787 (123)
10630 10648 11787 (174)
10644 10648 11787 (270)
10630 10644 11787 (209)
9354 9356 9357 (199)
9355 9356 9357 (155)
3807 10630 10656 (100)
3807 10630 10644 (163)
27998 38109 39268 (135)
27998 38319 39268 (174)
38109 38319 39268 (205)
10648 10672 10704 (216)
10626 10644 10704 (100)
10630 10648 10704 (104)
10644 10648 10704 (164)
10630 10644 10704 (115)
38554 39261 39264 (111)
38554 39261 39270 (102)
38319 38554 39261 (126)
38319 38554 39313 (102)
38319 38554 39270 (101)
1500 1502 1506 (107)
1499 1500 1502 (170)
1500 1502 1505 (130)
1498 1500 1502 (214)
1500 1506 1508 (117)
1499 1500 1508 (146)
1498 1500 1508 (150)
1499 1500 1506 (249)
1500 1505 1506 (171)
1498 1500 1506 (270)
1499 1500 1505 (267)
1498 1499 1500 (378)
1498 1500 1505 (343)
27998 38109 38319 (112)
27998 38103 39313 (109)
1506 1507 1508 (300)
1499 1507 1508 (277)
1505 1507 1508 (322)
1498 1507 1508 (348)
1499 1506 1507 (315)
1505 1506 1507 (432)
1498 1506 1507 (459)
1499 1505 1507 (324)
1498 1499 1507 (363)
1498 1505 1507 (446)
1577 12200 35817 (148)
38319 39261 39313 (101)
38103 39261 39264 (165)
38319 39261 39270 (105)
38103 39261 39270 (144)
10632 10656 10672 (108)
10632 10648 10656 (120)
10630 10632 10656 (221)
10632 10644 10656 (198)
10632 10648 10672 (139)
10632 10644 10672 (136)
10626 10632 10644 (151)
10630 10632 10648 (172)
10632 10644 10648 (244)
10630 10632 10644 (256)
10648 10656 10672 (136)
10630 10656 10672 (131)
10644 10656 10672 (166)
10630 10648 10656 (153)
10644 10648 10656 (189)
10630 10644 10656 (311)
1502 1506 1508 (143)
1499 1502 1508 (261)
1502 1505 1508 (198)
1498 1502 1508 (232)
1499 1502 1506 (261)
1502 1505 1506 (200)
1498 1502 1506 (292)
1499 1502 1505 (413)
1498 1499 1502 (504)
1498 1502 1505 (464)
9356 9357 9370 (110)
10626 10648 10672 (190)
10626 10644 10672 (141)
10630 10648 10672 (194)
10644 10648 10672 (359)
10630 10644 10672 (399)
9370 10630 10644 (109)
1499 1506 1508 (633)
1505 1506 1508 (647)
1498 1506 1508 (773)
1499 1505 1508 (640)
1498 1499 1508 (786)
1498 1505 1508 (756)
10626 10630 10648 (143)
10626 10644 10648 (296)
10626 10630 10644 (276)
10630 10644 10648 (426)
1499 1505 1506 (824)
1498 1499 1506 (1020)
1498 1505 1506 (1058)
1498 1499 1505 (1349)
1570 2675 2677 2678 (104)
1499 1506 1507 37557 (115)
1505 1506 1507 37557 (114)
1498 1506 1507 37557 (123)
1499 1505 1507 37557 (106)
1498 1499 1507 37557 (115)
1498 1505 1507 37557 (114)
1499 1505 1506 37557 (106)
1498 1499 1506 37557 (115)
1498 1505 1506 37557 (114)
1498 1499 1505 37557 (106)
9264 18184 18197 19862 (115)
390 400 1177 1184 (101)
1499 1506 1508 18164 (120)
1505 1506 1508 18164 (120)
1498 1506 1508 18164 (126)
1499 1505 1508 18164 (120)
1498 1499 1508 18164 (120)
1498 1505 1508 18164 (120)
1499 1505 1506 18164 (120)
1498 1499 1506 18164 (120)
1498 1505 1506 18164 (120)
1498 1499 1505 18164 (120)
1695 2675 2676 2677 (124)
1570 2675 2676 2677 (159)
1570 1695 2676 2677 (118)
1570 1695 2675 2677 (125)
1498 1506 1508 18149 (134)
1498 1505 1506 18149 (103)
1570 1695 2675 2676 (122)
1498 1505 1508 3016 (105)
1499 1505 1506 3016 (103)
1498 1499 1506 3016 (103)
1498 1505 1506 3016 (135)
1498 1499 1505 3016 (136)
13925 38109 38319 39268 (100)
10630 10644 10672 11863 (101)
10613 10630 10656 10669 (118)
10630 10644 10656 10669 (126)
1498 1499 1501 1506 (115)
1498 1499 1501 1505 (200)
10634 10644 10648 11787 (101)
10632 10634 10644 10648 (107)
10630 10634 10644 10656 (105)
10634 10644 10648 10672 (108)
10630 10634 10644 10672 (114)
10626 10634 10644 10648 (105)
10630 10634 10644 10648 (159)
1499 1506 1508 1527 (129)
1505 1506 1508 1527 (138)
1498 1506 1508 1527 (149)
1499 1505 1508 1527 (153)
1498 1499 1508 1527 (131)
1498 1505 1508 1527 (147)
1499 1505 1506 1527 (157)
1498 1499 1506 1527 (180)
1498 1505 1506 1527 (206)
1498 1499 1505 1527 (229)
10613 10630 10644 10656 (111)
1499 1504 1505 1511 (131)
1498 1499 1504 1511 (150)
1498 1504 1505 1511 (173)
1499 1500 1504 1505 (102)
1498 1499 1500 1504 (122)
1498 1500 1504 1505 (134)
1498 1499 1502 1504 (102)
1498 1502 1504 1505 (120)
1498 1499 1504 1505 (241)
1498 1500 1505 1511 (107)
1498 1502 1505 1511 (130)
1499 1505 1506 1511 (106)
1498 1505 1506 1511 (130)
1498 1499 1505 1511 (231)
10632 10644 10648 11787 (132)
10644 10656 10672 11787 (109)
10630 10648 10672 11787 (108)
10644 10648 10672 11787 (157)
10630 10644 10672 11787 (144)
10630 10644 10648 11787 (170)
1498 1499 1500 1502 (142)
1498 1500 1502 1505 (117)
1499 1500 1506 1508 (111)
1498 1500 1506 1508 (112)
1498 1499 1500 1508 (131)
1499 1500 1505 1506 (141)
1498 1499 1500 1506 (225)
1498 1500 1505 1506 (159)
1498 1499 1500 1505 (239)
1499 1506 1507 1508 (174)
1505 1506 1507 1508 (252)
1498 1506 1507 1508 (250)
1499 1505 1507 1508 (199)
1498 1499 1507 1508 (211)
1498 1505 1507 1508 (258)
1499 1505 1506 1507 (266)
1498 1499 1506 1507 (270)
1498 1505 1506 1507 (368)
1498 1499 1505 1507 (269)
10630 10632 10648 10656 (100)
10632 10644 10648 10656 (114)
10630 10632 10644 10656 (158)
10632 10644 10648 10672 (121)
10630 10632 10644 10648 (162)
10644 10648 10656 10672 (112)
10630 10644 10656 10672 (131)
10630 10644 10648 10656 (135)
1499 1502 1506 1508 (137)
1498 1502 1506 1508 (135)
1499 1502 1505 1508 (181)
1498 1499 1502 1508 (206)
1498 1502 1505 1508 (149)
1499 1502 1505 1506 (162)
1498 1499 1502 1506 (240)
1498 1502 1505 1506 (189)
1498 1499 1502 1505 (341)
10626 10644 10648 10672 (106)
10630 10644 10648 10672 (188)
1499 1505 1506 1508 (469)
1498 1499 1506 1508 (580)
1498 1505 1506 1508 (579)
1498 1499 1505 1508 (542)
10626 10630 10644 10648 (131)
1498 1499 1505 1506 (761)
1499 1505 1506 1507 37557 (106)
1498 1499 1506 1507 37557 (115)
1498 1505 1506 1507 37557 (114)
1498 1499 1505 1507 37557 (106)
1498 1499 1505 1506 37557 (106)
1499 1505 1506 1508 18164 (120)
1498 1499 1506 1508 18164 (120)
1498 1505 1506 1508 18164 (120)
1498 1499 1505 1508 18164 (120)
1498 1499 1505 1506 18164 (120)
1570 1695 2675 2676 2677 (118)
1498 1499 1505 1506 3016 (100)
1499 1505 1506 1508 1527 (111)
1498 1499 1506 1508 1527 (121)
1498 1505 1506 1508 1527 (129)
1498 1499 1505 1508 1527 (114)
1498 1499 1505 1506 1527 (151)
1498 1499 1504 1505 1511 (120)
10630 10644 10648 10672 11787 (106)
1498 1499 1500 1506 1508 (107)
1498 1499 1500 1505 1506 (130)
1499 1505 1506 1507 1508 (149)
1498 1499 1506 1507 1508 (139)
1498 1505 1506 1507 1508 (202)
1498 1499 1505 1507 1508 (150)
1498 1499 1505 1506 1507 (225)
1498 1499 1502 1506 1508 (129)
1498 1499 1502 1505 1508 (132)
1498 1499 1502 1505 1506 (153)
1498 1499 1505 1506 1508 (425)
1498 1499 1505 1506 1507 37557 (106)
1498 1499 1505 1506 1508 18164 (120)
1498 1499 1505 1506 1508 1527 (106)
1498 1499 1505 1506 1507 1508 (114)
