(61795)
5 (469)
7 (282)
13 (122)
15 (662)
20 (439)
22 (694)
23 (502)
26 (122)
28 (102)
30 (485)
38 (339)
42 (724)
43 (292)
44 (140)
46 (744)
47 (329)
48 (202)
50 (357)
52 (270)
53 (317)
55 (952)
56 (252)
60 (222)
61 (122)
64 (352)
67 (565)
68 (209)
70 (360)
72 (235)
73 (236)
75 (313)
80 (177)
81 (171)
83 (145)
85 (713)
86 (129)
87 (405)
88 (278)
93 (347)
96 (256)
97 (165)
102 (214)
105 (254)
115 (357)
116 (404)
120 (126)
121 (128)
122 (260)
125 (106)
127 (311)
145 (308)
150 (1005)
197 (177)
204 (143)
323 (333)
326 (219)
334 (147)
337 (467)
347 (231)
352 (246)
379 (129)
390 (154)
394 (100)
396 (165)
400 (451)
406 (312)
413 (101)
416 (273)
418 (104)
437 (204)
477 (586)
482 (142)
515 (175)
516 (100)
543 (366)
567 (240)
568 (230)
586 (144)
596 (100)
602 (304)
621 (167)
636 (361)
668 (101)
692 (104)
719 (106)
720 (120)
721 (128)
722 (116)
723 (101)
725 (100)
749 (111)
754 (204)
765 (133)
767 (115)
771 (104)
786 (815)
805 (105)
1053 (111)
1064 (250)
1065 (231)
1070 (108)
1177 (270)
1183 (113)
1184 (170)
1189 (175)
1190 (192)
1258 (129)
1263 (143)
1321 (117)
1325 (138)
1407 (174)
1409 (112)
1412 (197)
1414 (111)
1419 (127)
1420 (172)
1424 (126)
1498 (168)
1500 (100)
1501 (210)
1502 (107)
1507 (108)
1509 (544)
1514 (607)
1523 (335)
1527 (246)
1530 (203)
1532 (193)
1534 (144)
1535 (332)
1537 (793)
1538 (138)
1540 (141)
1544 (724)
1546 (191)
1547 (414)
1549 (122)
1557 (153)
1573 (162)
1575 (100)
1576 (185)
1578 (112)
1592 (525)
1597 (156)
1614 (132)
1662 (388)
1841 (434)
1842 (150)
1845 (182)
1861 (177)
1862 (102)
1863 (112)
1892 (285)
1897 (178)
1917 (134)
1918 (149)
1919 (148)
1933 (101)
1997 (106)
2052 (103)
2099 (221)
2200 (135)
2251 (160)
2272 (293)
2304 (195)
2362 (115)
2642 (257)
2643 (241)
2644 (198)
2645 (109)
2648 (567)
2878 (263)
2879 (373)
2944 (126)
2968 (129)
2981 (466)
2982 (168)
2984 (110)
2985 (235)
2988 (129)
2991 (256)
2999 (200)
3004 (103)
3013 (246)
3025 (319)
3026 (313)
3027 (124)
3029 (203)
3031 (179)
3032 (148)
3037 (122)
3041 (214)
3048 (251)
3095 (127)
3134 (267)
3147 (169)
3150 (195)
3163 (158)
3172 (302)
3190 (175)
3192 (100)
3194 (210)
3195 (121)
3196 (370)
3197 (231)
3218 (206)
3219 (212)
3279 (165)
3281 (145)
3283 (129)
3471 (219)
3473 (471)
3484 (317)
3498 (125)
3511 (155)
3554 (200)
3573 (162)
3593 (120)
3659 (116)
3705 (179)
3712 (117)
3753 (516)
3773 (130)
3804 (131)
3882 (214)
3905 (233)
3982 (291)
4019 (184)
4025 (957)
4035 (139)
4128 (198)
4144 (179)
4207 (365)
4266 (109)
4481 (111)
4572 (100)
4898 (102)
4917 (114)
5251 (183)
5282 (242)
5340 (243)
5402 (595)
5405 (289)
5406 (218)
5407 (415)
5408 (182)
5409 (115)
5412 (154)
5413 (360)
5415 (620)
5418 (167)
5424 (103)
5438 (810)
5444 (487)
5447 (104)
5455 (154)
5477 (338)
5485 (193)
5492 (241)
5503 (155)
5506 (223)
5508 (147)
5511 (305)
5512 (187)
5515 (151)
5523 (560)
5525 (218)
5593 (106)
5596 (173)
5616 (142)
5868 (544)
5869 (136)
5937 (105)
5963 (169)
5987 (156)
6012 (180)
6044 (141)
6110 (123)
6145 (443)
6323 (106)
6378 (215)
6394 (128)
6402 (126)
6501 (524)
6507 (113)
6544 (118)
6558 (130)
6576 (132)
6639 (118)
7220 (237)
7238 (177)
7299 (139)
7384 (113)
7565 (252)
7666 (186)
7763 (101)
7782 (637)
7790 (346)
7799 (146)
7800 (336)
7801 (172)
7802 (353)
7812 (356)
7813 (189)
7815 (120)
7818 (206)
7819 (260)
7821 (137)
7823 (310)
7844 (136)
7845 (231)
7854 (192)
7870 (118)
7901 (133)
7926 (153)
7983 (134)
8053 (149)
8066 (400)
8080 (131)
8083 (171)
8125 (168)
8132 (109)
8133 (134)
8134 (193)
8135 (138)
8151 (211)
8152 (156)
8156 (105)
8191 (143)
8215 (249)
8428 (103)
8462 (109)
8467 (185)
8490 (101)
8492 (114)
8516 (123)
8526 (170)
8592 (155)
8595 (118)
8596 (164)
8932 (109)
8933 (124)
8934 (501)
8953 (135)
8955 (100)
9146 (192)
9190 (126)
9221 (470)
9222 (487)
9223 (869)
9224 (1310)
9225 (104)
9232 (182)
9233 (437)
9237 (1169)
9238 (108)
9240 (131)
9243 (238)
9245 (309)
9254 (154)
9262 (166)
9276 (131)
9283 (180)
9290 (247)
9304 (240)
9422 (176)
9423 (133)
9425 (102)
9426 (113)
9427 (151)
9428 (113)
9435 (163)
9479 (197)
9481 (180)
9496 (115)
9565 (289)
9625 (143)
9858 (105)
9859 (106)
9929 (100)
10196 (221)
10400 (202)
10405 (172)
10453 (179)
10459 (516)
10463 (467)
10465 (154)
10469 (619)
10476 (1392)
10480 (1648)
10481 (232)
10482 (752)
10484 (459)
10485 (192)
10488 (259)
10494 (1811)
10498 (1549)
10504 (163)
10505 (174)
10506 (682)
10510 (259)
10519 (391)
10522 (1073)
10523 (102)
10525 (178)
10526 (205)
10533 (150)
10554 (545)
10570 (107)
10620 (135)
10658 (164)
10659 (222)
10660 (343)
10661 (289)
10702 (136)
10709 (144)
10828 (149)
10876 (192)
10891 (125)
10900 (314)
10919 (122)
10920 (138)
10926 (176)
10940 (114)
10958 (126)
10961 (116)
10963 (104)
10992 (165)
11061 (116)
11394 (122)
11395 (182)
11396 (101)
11568 (120)
11584 (126)
11630 (495)
11633 (141)
11641 (162)
11647 (315)
11651 (123)
11652 (104)
11656 (103)
11661 (268)
11663 (110)
11704 (450)
11706 (373)
11754 (111)
11785 (107)
11789 (386)
11802 (131)
11875 (127)
11929 (124)
11930 (145)
11931 (147)
12043 (1190)
12200 (116)
12223 (593)
12296 (200)
12298 (115)
12329 (248)
12344 (172)
12364 (100)
12445 (109)
12474 (108)
12498 (210)
12499 (124)
12515 (109)
12791 (135)
12852 (495)
13149 (121)
13362 (199)
13383 (126)
13388 (170)
13390 (161)
13391 (106)
13434 (120)
13462 (173)
13652 (837)
13654 (297)
13661 (379)
13666 (105)
13675 (368)
13687 (316)
13692 (605)
13693 (172)
13698 (130)
13703 (170)
13723 (105)
13725 (101)
13733 (302)
13737 (171)
13744 (117)
13760 (385)
13791 (172)
13793 (102)
13794 (189)
13930 (268)
14042 (268)
14069 (102)
14070 (117)
14105 (119)
14115 (150)
14162 (149)
14289 (118)
14395 (144)
14656 (503)
14660 (159)
14693 (103)
14730 (104)
14731 (115)
15289 (106)
15713 (134)
15871 (158)
15877 (142)
15878 (770)
15886 (172)
15900 (185)
15907 (352)
15911 (150)
15928 (178)
15932 (132)
15952 (104)
15954 (111)
15955 (534)
15968 (143)
15980 (174)
15986 (116)
15998 (130)
16002 (107)
16066 (213)
16072 (159)
16081 (248)
16089 (124)
16098 (137)
16101 (121)
16103 (101)
16144 (445)
16296 (116)
16299 (115)
16303 (198)
16388 (132)
16390 (106)
16604 (388)
16652 (115)
16928 (133)
17551 (209)
17585 (1145)
17941 (174)
17944 (385)
17951 (101)
17956 (138)
17957 (398)
17958 (394)
17962 (523)
17974 (236)
17988 (117)
17992 (185)
17996 (395)
18002 (150)
18007 (105)
18014 (163)
18018 (111)
18020 (111)
18024 (364)
18026 (101)
18034 (126)
18053 (111)
18219 (113)
18276 (153)
18287 (229)
18293 (221)
18347 (100)
18363 (103)
18428 (218)
18586 (240)
18622 (694)
18713 (102)
18783 (138)
18784 (130)
18795 (116)
18798 (139)
18811 (105)
18864 (129)
19622 (144)
19625 (124)
19732 (212)
19734 (173)
19738 (371)
19739 (210)
19740 (126)
19742 (330)
19743 (149)
19744 (120)
19750 (268)
19752 (804)
19753 (327)
19766 (126)
19768 (152)
19772 (130)
19773 (123)
19776 (630)
19795 (102)
19813 (164)
19815 (115)
19818 (143)
19824 (246)
19857 (138)
19865 (103)
19870 (135)
19923 (453)
20080 (122)
20088 (118)
20091 (150)
20105 (137)
20154 (118)
20177 (116)
20547 (158)
20551 (162)
20552 (100)
20572 (107)
21792 (351)
21793 (650)
21794 (286)
21797 (103)
21798 (369)
21805 (766)
21807 (108)
21808 (427)
21809 (104)
21811 (241)
21812 (295)
21815 (500)
21822 (376)
21848 (153)
21891 (516)
21901 (142)
21914 (102)
22156 (149)
22255 (617)
22386 (123)
22451 (125)
22494 (123)
22505 (119)
22532 (139)
22534 (122)
22538 (110)
22557 (120)
23099 (157)
23137 (104)
23422 (124)
23424 (170)
23425 (328)
23432 (356)
23439 (201)
23446 (118)
23448 (299)
23457 (159)
23458 (143)
23462 (171)
23465 (314)
23468 (131)
23509 (100)
23511 (110)
23514 (103)
23527 (348)
23532 (958)
23534 (360)
23545 (112)
23577 (104)
23722 (101)
23735 (208)
23801 (119)
23838 (303)
23841 (298)
23886 (185)
24162 (103)
24323 (206)
25246 (232)
25363 (285)
25366 (389)
25368 (238)
25373 (290)
25377 (178)
25387 (222)
25404 (299)
25406 (347)
25413 (268)
25414 (195)
25415 (114)
25417 (126)
25420 (491)
25432 (125)
25434 (154)
25442 (108)
25458 (155)
25461 (122)
25463 (312)
25502 (136)
25528 (167)
25541 (179)
25555 (113)
25610 (160)
25626 (107)
25674 (182)
25680 (185)
25772 (107)
25886 (100)
27021 (116)
27384 (103)
27565 (103)
27658 (671)
27659 (397)
27665 (436)
27667 (265)
27668 (233)
27671 (469)
27704 (119)
27720 (215)
27724 (257)
27746 (110)
27751 (125)
27752 (100)
27754 (151)
27755 (167)
27763 (123)
27764 (103)
27770 (132)
27792 (235)
27797 (174)
27822 (125)
27828 (140)
27868 (226)
27892 (104)
27995 (114)
28001 (138)
28112 (135)
28365 (206)
28655 (108)
28661 (119)
29372 (140)
29432 (102)
29943 (126)
29944 (366)
29945 (146)
29948 (300)
29957 (280)
29961 (208)
29966 (225)
29973 (119)
29978 (622)
29979 (321)
29991 (410)
30036 (111)
30047 (210)
30055 (324)
30093 (109)
30101 (139)
30105 (144)
30116 (138)
30172 (176)
30206 (133)
30255 (103)
30259 (102)
30298 (246)
30334 (100)
30375 (165)
30376 (122)
30384 (167)
30393 (114)
30555 (113)
30685 (140)
30730 (113)
31238 (112)
31675 (109)
31679 (101)
31687 (196)
31700 (113)
31706 (112)
31710 (242)
31735 (113)
31741 (141)
31742 (197)
31745 (125)
31764 (110)
31772 (143)
31781 (217)
31785 (165)
31790 (191)
31815 (104)
31840 (124)
31857 (111)
32024 (194)
32026 (138)
32047 (215)
32062 (104)
32127 (114)
32144 (180)
32155 (160)
32553 (120)
32590 (171)
32592 (110)
32595 (102)
33298 (100)
33328 (171)
33364 (109)
33365 (116)
33682 (108)
33791 (179)
33799 (151)
33805 (271)
33811 (107)
33814 (376)
33815 (289)
33844 (166)
33866 (140)
33871 (431)
33876 (141)
33900 (128)
33901 (137)
33910 (113)
33942 (614)
33966 (142)
34023 (123)
34133 (483)
34153 (122)
34169 (132)
34411 (129)
34415 (156)
34469 (138)
34481 (101)
35407 (186)
35409 (195)
35411 (1100)
35416 (124)
35420 (152)
35421 (117)
35426 (106)
35433 (269)
35443 (101)
35446 (140)
35448 (112)
35462 (171)
35473 (140)
35484 (174)
35491 (100)
35503 (258)
35504 (145)
35509 (125)
35518 (189)
35571 (195)
35733 (140)
35788 (127)
35802 (294)
36152 (122)
37157 (143)
37682 (366)
37684 (245)
37685 (1007)
37687 (381)
37691 (688)
37709 (166)
37711 (115)
37716 (226)
37717 (110)
37719 (114)
37721 (114)
37735 (341)
37757 (157)
37780 (152)
37786 (140)
37802 (205)
37901 (728)
37903 (126)
38137 (572)
38827 (459)
38828 (242)
38829 (211)
38830 (726)
38833 (770)
38835 (235)
38837 (488)
38839 (765)
38841 (128)
38848 (136)
38849 (120)
38855 (173)
38856 (258)
38857 (250)
38858 (337)
38865 (144)
38882 (725)
38899 (144)
38909 (142)
38911 (148)
38914 (376)
38925 (124)
38943 (189)
38970 (114)
39036 (183)
39097 (336)
39189 (610)
39191 (163)
39192 (178)
39194 (112)
39208 (227)
39255 (144)
39368 (117)
39539 (114)
39566 (115)
39662 (120)
39979 (123)
39981 (121)
40358 (572)
40360 (322)
40372 (223)
40379 (276)
40387 (158)
40391 (104)
40400 (194)
40433 (112)
40443 (102)
40502 (192)
40503 (110)
40528 (287)
40533 (121)
40539 (103)
40571 (103)
40573 (291)
40576 (145)
40790 (100)
40808 (155)
41016 (123)
41021 (168)
41316 (103)
41345 (107)
34469 34481 (101)
26 28 (101)
13652 14693 (100)
11651 11652 (104)
10498 11652 (104)
8135 8156 (100)
9858 9859 (105)
4128 9858 (105)
12852 18811 (104)
4128 9859 (106)
12043 35426 (106)
19923 20572 (101)
25406 25442 (101)
2644 2645 (108)
2642 2645 (108)
1537 2645 (105)
8932 8933 (109)
22532 22538 (103)
18053 19818 (100)
390 1183 (101)
1177 1183 (112)
400 1183 (106)
17585 19815 (102)
39036 39566 (114)
38882 39566 (105)
721 722 (115)
15 722 (113)
18783 18795 (114)
17962 18795 (114)
13692 14070 (102)
8592 8595 (107)
7666 11568 (120)
19738 19744 (113)
10919 10920 (106)
10919 10926 (119)
11394 11395 (105)
10480 11394 (107)
30375 30376 (107)
35504 36152 (100)
10498 11651 (122)
22386 25246 (114)
41016 41021 (114)
2648 41016 (108)
3026 3027 (104)
11929 11930 (102)
11929 11931 (105)
9146 19625 (108)
12043 35416 (114)
25404 25432 (121)
27751 27754 (100)
27751 27755 (104)
29943 29945 (109)
15 721 (121)
23 379 (100)
7845 7901 (103)
1537 1917 (122)
5868 5869 (111)
8135 8152 (102)
10920 10926 (132)
10482 10920 (108)
17962 18783 (113)
35411 35473 (108)
12043 35473 (123)
10498 11633 (134)
10494 11633 (101)
127 31772 (124)
10554 10709 (120)
10498 10709 (114)
9146 19622 (142)
17944 19622 (118)
17957 19622 (117)
38839 39255 (116)
3279 3281 (103)
11930 11931 (124)
40573 40576 (133)
1662 1919 (105)
1537 1919 (140)
1918 2643 (100)
1918 2642 (115)
1537 1918 (132)
19743 19752 (101)
17585 19743 (101)
10526 10533 (103)
10519 10533 (136)
10480 10533 (138)
390 1184 (101)
390 1177 (134)
390 400 (125)
55 390 (100)
25404 25434 (126)
25406 25434 (127)
5503 5506 (130)
8592 8596 (105)
25404 25458 (115)
21805 23099 (103)
40358 40387 (108)
15955 16072 (110)
10498 11641 (124)
10476 10504 (123)
38882 39191 (155)
10480 10658 (109)
396 437 (106)
396 400 (120)
55 396 (119)
30375 30384 (102)
9233 9262 (131)
9222 9262 (111)
9224 9262 (134)
5418 5868 (115)
23532 25528 (118)
4025 30384 (102)
8125 9224 (102)
2648 41021 (136)
1177 1184 (154)
400 1184 (140)
55 1184 (100)
23424 23425 (106)
14656 23424 (128)
786 23424 (116)
13652 13737 (116)
786 23462 (142)
10405 10519 (115)
10405 10480 (134)
13652 13693 (148)
15886 15955 (114)
17941 17944 (131)
17941 17957 (113)
35484 35503 (103)
35411 35484 (150)
10469 10926 (129)
10482 10926 (136)
1509 1861 (124)
15928 15955 (111)
39189 39192 (159)
33942 39192 (163)
3025 3031 (103)
543 3705 (124)
25373 25541 (102)
9224 9283 (170)
9481 10196 (100)
9224 9481 (103)
477 1845 (104)
10480 11395 (154)
10494 11395 (154)
23534 25674 (107)
38137 39036 (128)
38882 39036 (130)
38830 39036 (119)
37901 39036 (131)
4019 23425 (105)
1576 16604 (101)
15900 15955 (107)
17992 19752 (109)
7666 10400 (129)
35407 35411 (111)
12043 35407 (149)
35518 35571 (123)
38882 38943 (107)
400 1190 (163)
55 1190 (163)
9146 17944 (127)
9146 17957 (128)
10485 10554 (112)
10485 10498 (156)
10485 10494 (128)
5402 5485 (123)
40358 40400 (130)
2304 38882 (112)
35409 35411 (138)
12043 35409 (140)
2643 2644 (177)
2642 2644 (178)
1662 2644 (131)
1537 2644 (171)
4128 9224 (104)
10480 12296 (122)
67 1530 (155)
46 1530 (102)
400 437 (135)
55 437 (130)
10519 10526 (133)
10506 10526 (112)
10480 10526 (183)
7818 7819 (182)
46 68 (126)
1501 1547 (103)
1501 1537 (105)
12223 12498 (126)
17585 19739 (144)
38828 38829 (128)
18622 19732 (129)
15907 16066 (106)
73 102 (118)
85 102 (146)
3041 3484 (129)
27720 27792 (115)
27659 27720 (100)
27658 27720 (131)
5406 5407 (118)
5406 5438 (108)
326 3471 (135)
3471 3473 (113)
2099 19776 (114)
9224 10196 (122)
46 60 (127)
27658 27868 (102)
38882 39208 (101)
23 347 (114)
7782 7845 (108)
10481 10498 (141)
10480 10481 (107)
10481 10494 (118)
25246 29948 (100)
27659 27792 (148)
27658 27792 (136)
73 85 (123)
6145 9243 (100)
9223 9243 (156)
9224 9243 (186)
25363 25368 (111)
567 5868 (138)
9304 10480 (166)
9304 10494 (136)
2642 2643 (188)
1662 2643 (131)
1537 2643 (184)
3026 5492 (123)
21798 21811 (103)
21805 21811 (141)
5282 7565 (116)
5282 33805 (128)
37691 38828 (110)
5340 6145 (124)
5340 9223 (109)
5340 9224 (146)
37684 37687 (115)
1527 1841 (136)
477 1527 (113)
2981 3013 (152)
19824 19923 (135)
9223 9290 (159)
9224 9290 (226)
8215 15955 (156)
38857 38882 (127)
37685 38857 (129)
1509 3048 (113)
23 56 (106)
55 56 (179)
7565 33805 (172)
87 105 (151)
1662 2642 (143)
1537 2642 (233)
35411 35503 (194)
38856 38914 (114)
38830 38856 (152)
38839 38856 (230)
37685 38856 (121)
9245 10488 (118)
9237 10488 (190)
10476 10488 (183)
10488 10494 (103)
2878 23534 (101)
2878 25366 (121)
18622 19750 (126)
23532 25413 (154)
400 1177 (162)
55 1177 (113)
406 416 (141)
85 416 (120)
40360 40379 (148)
75 88 (176)
53 88 (138)
87 88 (162)
85 88 (128)
29948 29957 (122)
23534 25363 (147)
25363 25366 (107)
21792 21794 (118)
21794 21808 (102)
19776 21794 (128)
21794 21805 (172)
40358 40528 (103)
5405 5444 (119)
5405 5868 (110)
9565 17996 (106)
9237 10661 (130)
10476 10661 (116)
10480 10661 (106)
10494 10661 (114)
33814 33815 (116)
6501 40573 (116)
40358 40573 (105)
42 43 (175)
1537 2272 (139)
34133 35802 (115)
35411 35802 (203)
12043 35802 (217)
13654 13687 (106)
13652 13654 (121)
23534 23841 (121)
22255 23448 (146)
25404 25406 (120)
23532 25404 (131)
13733 27671 (105)
13733 38837 (153)
13733 37691 (180)
13733 37901 (171)
23532 23838 (102)
5444 5511 (197)
5511 5523 (102)
20 145 (107)
85 145 (106)
9237 9245 (236)
9245 10476 (105)
7782 7823 (117)
7823 9224 (118)
85 406 (190)
25406 25463 (112)
53 75 (140)
75 87 (139)
75 85 (128)
67 3026 (126)
10554 10900 (133)
10522 10900 (144)
10498 10900 (220)
10480 10900 (124)
10494 10900 (171)
786 23465 (112)
23465 23532 (106)
10494 11647 (110)
13652 13687 (133)
16604 29979 (136)
18622 19753 (129)
19752 19753 (125)
14656 23425 (125)
46 47 (128)
19742 19752 (185)
17585 19742 (205)
1535 1537 (209)
7800 7802 (195)
7800 8066 (107)
7782 7800 (125)
38914 39097 (132)
38137 39097 (121)
38882 39097 (125)
38830 39097 (104)
37901 39097 (113)
38839 39097 (189)
38837 38858 (120)
38137 38858 (147)
37691 38858 (157)
38858 38882 (107)
38830 38858 (158)
37901 38858 (263)
38833 38858 (100)
5477 5868 (110)
5402 5477 (124)
5415 5477 (118)
37687 37735 (109)
10484 10660 (111)
10482 10660 (117)
9237 10660 (112)
10476 10660 (154)
10498 10660 (146)
10494 10660 (184)
7790 7802 (135)
23527 25406 (129)
23532 25406 (108)
21792 21798 (168)
21792 21808 (138)
19776 21792 (106)
21792 21805 (165)
17585 21792 (101)
46 64 (143)
15907 15955 (120)
7812 9224 (160)
46 50 (117)
30 115 (138)
15 115 (150)
22 115 (116)
42 115 (119)
5413 5438 (131)
23534 25366 (126)
636 22255 (104)
17958 18024 (107)
17996 18024 (127)
17962 18024 (124)
4207 16144 (124)
13675 13760 (151)
13675 13692 (246)
13652 13675 (225)
21798 21822 (104)
21798 21808 (146)
19776 21798 (177)
21798 21805 (216)
2879 19738 (116)
18622 19738 (192)
17585 19738 (176)
2879 17585 (131)
11706 11789 (147)
10522 11706 (171)
10498 11706 (147)
10480 11706 (224)
10494 11706 (240)
19776 21822 (207)
21805 21822 (177)
33814 33871 (133)
38830 38914 (129)
37901 38914 (103)
38839 38914 (302)
13661 13692 (182)
13652 13661 (181)
13692 13760 (223)
13652 13760 (205)
17944 17957 (265)
17944 17962 (111)
10522 11789 (145)
10480 11789 (197)
10494 11789 (161)
1547 1662 (114)
1537 1662 (289)
16604 29978 (195)
25366 27659 (106)
10463 10519 (162)
3753 10519 (124)
10506 10519 (246)
10482 10519 (124)
10480 10519 (366)
10494 10519 (217)
17958 17996 (101)
15878 17958 (122)
15878 17996 (126)
27659 27665 (128)
27658 27659 (227)
7782 8066 (118)
42 116 (260)
20 87 (130)
85 87 (138)
42 87 (109)
29991 35411 (100)
12043 29991 (103)
1547 1841 (116)
1537 1547 (251)
5407 5438 (123)
19776 21808 (254)
21793 21808 (138)
21805 21808 (220)
17585 21808 (126)
1509 1841 (196)
477 1841 (227)
1537 1841 (107)
27658 27665 (278)
9222 9233 (231)
9223 9233 (162)
9233 9237 (130)
9224 9233 (242)
20 85 (144)
6145 9222 (118)
6145 9223 (220)
6145 9224 (281)
11704 12223 (150)
10498 11704 (111)
10480 11704 (150)
10494 11704 (117)
55 400 (345)
19752 19923 (132)
10484 11630 (155)
10484 10506 (125)
10482 10484 (134)
10484 10522 (157)
10476 10484 (149)
10484 10498 (368)
10480 10484 (221)
10484 10494 (332)
27671 38827 (111)
38827 38837 (132)
38137 38827 (122)
38827 38882 (102)
38827 38830 (156)
37901 38827 (154)
38827 38833 (111)
37685 38827 (149)
10463 10469 (131)
10463 10506 (235)
10463 10482 (184)
10463 10476 (117)
10463 10480 (257)
10463 10494 (208)
27671 38837 (197)
27671 37691 (209)
27671 38882 (157)
27671 37901 (209)
27671 37685 (127)
9221 9223 (221)
9221 9237 (136)
9221 9224 (303)
3473 5523 (118)
4025 34133 (108)
34133 35411 (293)
12043 34133 (266)
15 30 (210)
22 30 (144)
30 55 (123)
5444 5868 (133)
5444 5523 (189)
9222 9223 (188)
9222 9224 (331)
37691 38837 (282)
38830 38837 (116)
37901 38837 (279)
37685 38837 (182)
10506 11630 (137)
10482 11630 (197)
10522 11630 (290)
10476 11630 (170)
10498 11630 (360)
10480 11630 (213)
10494 11630 (349)
12852 13652 (104)
21793 21815 (193)
21805 21815 (234)
15 23 (135)
22 23 (215)
23 55 (173)
786 14656 (130)
3753 10506 (112)
3753 9237 (134)
3753 10476 (106)
3753 10480 (300)
3753 10494 (210)
15878 17962 (115)
1592 10480 (154)
477 1509 (205)
5523 5868 (166)
5402 5868 (124)
5415 5868 (143)
10522 10554 (245)
10476 10554 (160)
10498 10554 (395)
10480 10554 (127)
10494 10554 (225)
5415 5523 (175)
46 67 (262)
37691 38137 (109)
38137 38882 (150)
38137 38830 (272)
37901 38137 (207)
38137 38839 (170)
38137 38833 (196)
37685 38137 (173)
10498 12223 (107)
5402 5415 (125)
13652 13692 (462)
33942 39189 (211)
38882 39189 (224)
38839 39189 (172)
38833 39189 (187)
37685 39189 (154)
10469 10482 (158)
9237 10469 (152)
10469 10476 (257)
10469 10494 (130)
19776 21805 (215)
17585 19776 (131)
17585 21793 (176)
15 22 (234)
15 55 (325)
10482 10506 (316)
10506 10522 (199)
10498 10506 (215)
10480 10506 (435)
10494 10506 (413)
37691 38882 (108)
37691 38830 (100)
37691 37901 (297)
37685 37691 (127)
22 55 (175)
18622 19752 (229)
17585 18622 (209)
42 55 (151)
1544 35411 (172)
1544 12043 (207)
38830 38882 (179)
37901 38882 (196)
38839 38882 (194)
38833 38882 (176)
37685 38882 (211)
37901 38830 (239)
38830 38839 (259)
38830 38833 (284)
37685 38830 (379)
37901 38839 (179)
37901 38833 (173)
37685 37901 (129)
10482 10522 (184)
10476 10482 (240)
10482 10498 (292)
10480 10482 (354)
10482 10494 (411)
37685 38839 (226)
17585 21805 (119)
37685 38833 (296)
17585 19752 (316)
786 23532 (118)
9223 9237 (173)
9223 9224 (652)
4025 35411 (115)
10476 10522 (229)
10498 10522 (637)
10480 10522 (443)
10494 10522 (615)
12043 35411 (798)
9224 9237 (189)
9237 10476 (311)
9237 10480 (207)
9237 10494 (240)
10476 10498 (462)
10476 10480 (390)
10476 10494 (578)
10480 10498 (477)
10494 10498 (827)
10480 10494 (1089)
10498 11651 11652 (104)
4128 9858 9859 (105)
2642 2644 2645 (107)
1537 2644 2645 (104)
1537 2642 2645 (105)
390 1177 1183 (101)
400 1177 1183 (105)
38882 39036 39566 (105)
15 721 722 (112)
17962 18783 18795 (112)
10919 10920 10926 (104)
10480 11394 11395 (102)
2648 41016 41021 (102)
10482 10920 10926 (108)
12043 35411 35473 (107)
10498 10554 10709 (105)
9146 17944 19622 (117)
9146 17957 19622 (116)
17944 17957 19622 (116)
1537 1662 1919 (101)
1537 1918 2642 (107)
10480 10519 10533 (128)
390 1177 1184 (101)
390 400 1184 (101)
390 400 1177 (111)
9224 9233 9262 (101)
400 1177 1184 (133)
55 400 1184 (100)
10405 10480 10519 (111)
35411 35484 35503 (102)
33942 39189 39192 (151)
10480 10494 11395 (138)
37901 38137 39036 (102)
37901 38882 39036 (102)
12043 35407 35411 (111)
55 400 1190 (138)
9146 17944 17957 (125)
10485 10494 10498 (109)
12043 35409 35411 (104)
2642 2643 2644 (166)
1662 2643 2644 (124)
1537 2643 2644 (159)
1662 2642 2644 (131)
1537 2642 2644 (171)
1537 1662 2644 (125)
46 67 1530 (101)
55 400 437 (109)
10480 10519 10526 (126)
10480 10506 10526 (103)
6145 9224 9243 (100)
9223 9224 9243 (145)
1662 2642 2643 (129)
1537 2642 2643 (175)
1537 1662 2643 (124)
5282 7565 33805 (112)
5340 6145 9224 (112)
9223 9224 9290 (142)
1537 1662 2642 (135)
38839 38856 38914 (113)
38830 38839 38856 (132)
37685 38839 38856 (109)
9237 9245 10488 (107)
9237 10476 10488 (137)
55 400 1177 (111)
75 87 88 (106)
34133 35411 35802 (110)
12043 35411 35802 (157)
13733 37691 38837 (122)
13733 37901 38837 (115)
13733 37691 37901 (127)
10498 10554 10900 (124)
10498 10522 10900 (131)
10494 10498 10900 (141)
10480 10494 10900 (123)
17585 19742 19752 (124)
38839 38914 39097 (111)
38839 38882 39097 (101)
37691 38837 38858 (103)
37901 38837 38858 (107)
38137 38830 38858 (113)
37901 38137 38858 (116)
37691 37901 38858 (122)
37901 38830 38858 (125)
10484 10498 10660 (111)
10494 10498 10660 (113)
13675 13692 13760 (117)
13652 13675 13760 (102)
13652 13675 13692 (198)
19776 21798 21808 (105)
10480 10522 11706 (117)
10494 10522 11706 (140)
10494 10498 11706 (122)
10480 10494 11706 (178)
38830 38839 38914 (119)
13652 13661 13692 (112)
13652 13692 13760 (169)
10494 10522 11789 (114)
10480 10494 11789 (118)
10463 10506 10519 (121)
10463 10480 10519 (155)
3753 10480 10519 (119)
10482 10506 10519 (101)
10480 10506 10519 (230)
10494 10506 10519 (140)
10480 10482 10519 (113)
10480 10494 10519 (199)
19776 21805 21808 (144)
477 1509 1841 (128)
9222 9223 9233 (107)
9222 9224 9233 (149)
9223 9224 9233 (125)
6145 9222 9224 (113)
6145 9223 9224 (195)
10484 10498 11630 (131)
10484 10494 11630 (123)
10480 10484 10506 (116)
10484 10494 10506 (113)
10482 10484 10498 (114)
10480 10482 10484 (103)
10482 10484 10494 (115)
10484 10498 10522 (123)
10480 10484 10522 (116)
10484 10494 10522 (139)
10476 10484 10498 (105)
10476 10484 10494 (113)
10480 10484 10498 (171)
10484 10494 10498 (295)
10480 10484 10494 (189)
10463 10482 10506 (114)
10463 10480 10506 (174)
10463 10494 10506 (135)
10463 10480 10494 (148)
27671 37691 38837 (135)
27671 37901 38837 (134)
27671 37691 37901 (112)
9221 9223 9224 (199)
12043 34133 35411 (244)
9222 9223 9224 (155)
37691 37901 38837 (205)
10506 10522 11630 (131)
10494 10506 11630 (112)
10482 10522 11630 (107)
10482 10498 11630 (148)
10482 10494 11630 (153)
10498 10522 11630 (197)
10480 10522 11630 (146)
10494 10522 11630 (204)
10476 10498 11630 (115)
10476 10494 11630 (123)
10480 10498 11630 (174)
10494 10498 11630 (270)
10480 10494 11630 (209)
3753 10480 10506 (100)
3753 10480 10494 (163)
10498 10522 10554 (212)
10480 10498 10554 (104)
10494 10498 10554 (163)
10480 10494 10554 (115)
37901 38137 38882 (102)
37901 38137 38830 (126)
38137 38830 38839 (102)
38137 38830 38833 (111)
37901 38137 38839 (101)
10482 10506 10522 (108)
10482 10498 10506 (120)
10480 10482 10506 (221)
10482 10494 10506 (196)
10498 10506 10522 (125)
10480 10506 10522 (131)
10494 10506 10522 (163)
10480 10498 10506 (153)
10494 10498 10506 (182)
10480 10494 10506 (311)
1544 12043 35411 (148)
37901 38830 38839 (105)
37685 38830 38839 (144)
37685 38830 38833 (164)
10482 10498 10522 (139)
10482 10494 10522 (136)
10476 10482 10494 (150)
10480 10482 10498 (172)
10482 10494 10498 (244)
10480 10482 10494 (256)
9223 9224 9237 (110)
10476 10498 10522 (174)
10476 10494 10522 (124)
10480 10498 10522 (194)
10494 10498 10522 (345)
10480 10494 10522 (399)
9237 10480 10494 (109)
10476 10480 10498 (143)
10476 10494 10498 (278)
10476 10480 10494 (276)
10480 10494 10498 (426)
1537 2642 2644 2645 (104)
9146 17944 17957 19622 (115)
390 400 1177 1184 (101)
1662 2642 2643 2644 (124)
1537 2642 2643 2644 (159)
1537 1662 2643 2644 (118)
1537 1662 2642 2644 (125)
1537 1662 2642 2643 (122)
13733 37691 37901 38837 (100)
10480 10494 10522 11706 (101)
10463 10480 10506 10519 (118)
10480 10494 10506 10519 (126)
10484 10494 10498 11630 (101)
10480 10484 10494 10506 (105)
10482 10484 10494 10498 (107)
10484 10494 10498 10522 (108)
10480 10484 10494 10522 (114)
10476 10484 10494 10498 (105)
10480 10484 10494 10498 (159)
10463 10480 10494 10506 (111)
10494 10506 10522 11630 (109)
10482 10494 10498 11630 (132)
10480 10498 10522 11630 (108)
10494 10498 10522 11630 (157)
10480 10494 10522 11630 (144)
10480 10494 10498 11630 (170)
10480 10482 10498 10506 (100)
10482 10494 10498 10506 (114)
10480 10482 10494 10506 (158)
10494 10498 10506 10522 (111)
10480 10494 10506 10522 (131)
10480 10494 10498 10506 (135)
10482 10494 10498 10522 (121)
10480 10482 10494 10498 (162)
10480 10494 10498 10522 (188)
10476 10480 10494 10498 (131)
1537 1662 2642 2643 2644 (118)
10480 10494 10498 10522 11630 (106)
